                -74.8196831749
         -0.000031748      -0.000000000       0.000000000
         -0.000000000      -0.000031802      -0.000000000
         -0.000000000       0.000000000       0.000000002
          12
  1     6      -0.000000000      -0.004440362       0.000000000  C
  1     6      -0.003981167      -0.002153083       0.000000000  C
  1     6      -0.003981167       0.002153083       0.000000000  C
  1     6      -0.000000000       0.004440362       0.000000000  C
  1     6       0.003981167       0.002153083       0.000000000  C
  1     6       0.003981167      -0.002153083       0.000000000  C
  2     1       0.000000000       0.035186252      -0.000000000  H
  2     1       0.030465466       0.017589315      -0.000000000  H
  2     1       0.030465466      -0.017589315      -0.000000000  H
  2     1      -0.000000000      -0.035186252      -0.000000000  H
  2     1      -0.030465466      -0.017589315      -0.000000000  H
  2     1      -0.030465466       0.017589315      -0.000000000  H
